116 596 24 40
152 592 24 40
168 1268 24 40
228 584 24 40
280 1236 24 40
300 552 24 40
316 592 24 40
356 500 24 40
356 504 24 40
364 496 24 40
364 500 24 40
364 504 24 40
372 500 24 40
392 540 24 40
444 524 24 40
448 476 24 40
452 464 24 40
524 524 24 40
580 492 24 40
580 520 24 40
616 536 24 40
636 572 24 40
672 1120 24 40
680 476 24 40
680 488 24 40
688 476 24 40
696 488 24 40
696 632 24 40
704 620 24 40
704 632 24 40
712 572 24 40
712 620 24 40
720 568 24 40
736 532 24 40
780 500 24 40
828 488 24 40
944 584 24 40
976 528 24 40
1096 504 24 40
1104 1300 24 40
1176 592 24 40
1224 1196 24 40
1416 1428 24 40
1448 500 24 40
1504 620 24 40
1536 600 24 40
1604 564 24 40
1660 1480 24 40
1672 740 24 40
1676 764 24 40
1676 1484 24 40
1680 616 24 40
1692 1484 24 40
1696 592 24 40
1700 592 24 40
1708 608 24 40
1708 792 24 40
1708 796 24 40
1720 584 24 40
1736 596 24 40
1740 612 24 40
1740 616 24 40
1748 612 24 40
1752 1136 24 40
1760 1100 24 40
1796 668 24 40
1796 688 24 40
1804 688 24 40
1812 668 24 40
1820 620 24 40
1840 512 24 40
1864 552 24 40
1928 632 24 40
1968 632 24 40
1980 640 24 40
170 1265 30 50
255 555 30 50
350 500 30 50
360 545 30 50
460 515 30 50
460 520 30 50
460 535 30 50
470 515 30 50
470 520 30 50
520 520 30 50
520 545 30 50
530 485 30 50
585 490 30 50
595 490 30 50
595 500 30 50
595 520 30 50
605 500 30 50
605 520 30 50
605 525 30 50
615 500 30 50
615 520 30 50
625 500 30 50
630 500 30 50
635 500 30 50
640 500 30 50
645 500 30 50
650 500 30 50
655 500 30 50
690 630 30 50
695 550 30 50
710 615 30 50
735 530 30 50
890 1085 30 50
900 580 30 50
965 525 30 50
965 560 30 50
975 1255 30 50
1515 605 30 50
1555 610 30 50
1555 615 30 50
1565 590 30 50
1565 600 30 50
1565 605 30 50
1565 610 30 50
1565 615 30 50
1615 565 30 50
1620 605 30 50
1630 605 30 50
1640 605 30 50
1645 1425 30 50
1650 605 30 50
1665 1435 30 50
1670 785 30 50
1695 590 30 50
1725 610 30 50
1735 610 30 50
1735 615 30 50
1755 595 30 50
1795 660 30 50
1795 680 30 50
1805 680 30 50
1935 605 30 50
84 594 36 60
294 552 36 60
444 534 36 60
456 534 36 60
690 636 36 60
702 528 36 60
702 546 36 60
708 612 36 60
786 558 36 60
1182 1224 36 60
1410 528 36 60
1518 600 36 60
1614 618 36 60
1662 1434 36 60
1668 786 36 60
1674 612 36 60
1680 774 36 60
1692 780 36 60
1698 612 36 60
1704 780 36 60
1788 684 36 60
1788 690 36 60
1812 636 36 60
1860 558 36 60
1980 642 36 60
119 588 45 75
210 581 45 75
273 546 45 75
427 462 45 75
693 609 45 75
700 525 45 75
707 609 45 75
721 1148 45 75
1078 1295 45 75
1547 609 45 75
1610 602 45 75
1638 1435 45 75
1694 609 45 75
1694 763 45 75
1708 609 45 75
1722 609 45 75
1736 588 45 75
1785 672 45 75
1785 686 45 75
1799 672 45 75
1799 686 45 75
2002 651 45 75
224 576 54 90
440 528 54 90
488 464 54 90
1592 600 54 90
1608 600 54 90
1656 608 54 90
1656 752 54 90
1656 760 54 90
1672 752 54 90
1696 608 54 90
1784 672 54 90
1792 656 54 90
1800 664 54 90
1800 672 54 90
1800 680 54 90
1968 640 54 90
60 570 66 110
570 530 66 110
1650 760 66 110
1670 740 66 110
1670 760 66 110
1700 770 66 110
708 600 81 135
1644 768 81 135
1668 756 81 135
225 1245 99 165
660 555 99 165
1628 594 153 255
1593 567 189 315
1593 702 189 315
