0	0.148510		0.398010	0
1	0.057157		0.206823	3
2	0.057157		0.206823	5
3	0.020518		0.154940	8
4	0.021006		0.154584	10
5	0.002443		0.115494	12
6	0.007816		0.112651	14
7	0.000000		0.089908	16
8	0.000977		0.099502	19
9	0.000000		0.075693	21
10	0.000000		0.088131	23
11	0.000000		0.074982	25
12	0.000000		0.079957	27
13	0.000000		0.069296	29
14	0.000000		0.066809	31
15	0.000000		0.063966	33
16	0.000000		0.069652	36
17	0.000000		0.060412	38
18	0.000000		0.062189	40
19	0.000000		0.059701	42
20	0.000000		0.070007	43
21	0.000000		0.057214	45
22	0.000000		0.060412	47
23	0.000000		0.051883	49
24	0.000000		0.055082	51
25	0.000000		0.053305	53
26	0.000000		0.050817	55
27	0.000000		0.047974	57
28	0.000000		0.048330	59
29	0.000000		0.045487	61
30	0.000000		0.046553	63
31	0.000000		0.045131	65
32	0.000000		0.047974	67
33	0.000000		0.045487	70
34	0.000000		0.045842	72
35	0.000000		0.043355	74
36	0.000000		0.046553	76
37	0.000000		0.044065	78
38	0.000000		0.046198	80
39	0.000000		0.044065	82
40	0.000000		0.043355	85
41	0.000000		0.044065	87
42	0.000000		0.043355	89
43	0.000000		0.043355	91
44	0.000000		0.043355	94
45	0.000000		0.042644	96
46	0.000000		0.042289	98
47	0.000000		0.041578	100
48	0.000000		0.040867	102
49	0.000000		0.039446	104
50	0.000000		0.041578	106
51	0.000000		0.040156	108
52	0.000000		0.040156	110
53	0.000000		0.038380	112
54	0.000000		0.036958	114
55	0.000000		0.037313	116
56	0.000000		0.039801	118
57	0.000000		0.039446	120
58	0.000000		0.041222	122
59	0.000000		0.037669	124
60	0.000000		0.037669	127
61	0.000000		0.035892	129
62	0.000000		0.038024	132
63	0.000000		0.038024	134
64	0.000000		0.038380	136
65	0.000000		0.039090	139
66	0.000000		0.037669	141
67	0.000000		0.035181	144
68	0.000000		0.036247	146
69	0.000000		0.035892	147
70	0.000000		0.034471	149
71	0.000000		0.033404	151
72	0.000000		0.034471	154
73	0.000000		0.035181	156
74	0.000000		0.035892	158
75	0.000000		0.034826	160
76	0.000000		0.036247	161
77	0.000000		0.034115	163
78	0.000000		0.036958	164
79	0.000000		0.035892	166
80	0.000000		0.035181	168
81	0.000000		0.034471	170
82	0.000000		0.034826	172
83	0.000000		0.033760	173
84	0.000000		0.034826	175
85	0.000000		0.033049	177
86	0.000000		0.034115	178
87	0.000000		0.034826	180
88	0.000000		0.034115	182
89	0.000000		0.035892	184
90	0.000000		0.034826	186
91	0.000000		0.034826	188
92	0.000000		0.033760	190
93	0.000000		0.034826	192
94	0.000000		0.034471	194
95	0.000000		0.035181	195
96	0.000000		0.033760	197
97	0.000000		0.033049	199
98	0.000000		0.033049	201
99	0.000000		0.033049	203
100	0.000000		0.033760	204
101	0.000000		0.032338	206
102	0.000000		0.031628	208
103	0.000000		0.030561	210
104	0.000000		0.030561	212
105	0.000000		0.030561	213
106	0.000000		0.029140	215
107	0.000000		0.029851	217
108	0.000000		0.029140	219
109	0.000000		0.030206	221
110	0.000000		0.030206	222
111	0.000000		0.029851	225
112	0.000000		0.030561	226
113	0.000000		0.029495	228
114	0.000000		0.030206	230
115	0.000000		0.030206	232
116	0.000000		0.030561	234
117	0.000000		0.029495	236
118	0.000000		0.030206	237
119	0.000000		0.030206	239
120	0.000000		0.030206	241
121	0.000000		0.029851	242
122	0.000000		0.029140	244
123	0.000000		0.029140	246
124	0.000000		0.028074	248
125	0.000000		0.028074	250
126	0.000000		0.027719	252
127	0.000000		0.028074	254
128	0.000000		0.027719	256
129	0.000000		0.028074	258
130	0.000000		0.027719	260
131	0.000000		0.027719	262
132	0.000000		0.028074	264
133	0.000000		0.028429	266
134	0.000000		0.028074	268
135	0.000000		0.029140	270
136	0.000000		0.029140	272
137	0.000000		0.029495	273
138	0.000000		0.027719	275
139	0.000000		0.028429	277
140	0.000000		0.027719	279
141	0.000000		0.028785	281
142	0.000000		0.028074	283
143	0.000000		0.028429	284
144	0.000000		0.027719	286
145	0.000000		0.028429	288
146	0.000000		0.027363	290
147	0.000000		0.027719	292
148	0.000000		0.027719	294
149	0.000000		0.027719	295
150	0.000000		0.027363	297
151	0.000000		0.027363	299
152	0.000000		0.027008	300
153	0.000000		0.028429	302
154	0.000000		0.027719	304
155	0.000000		0.027008	307
156	0.000000		0.028074	309
157	0.000000		0.028429	311
158	0.000000		0.028074	313
159	0.000000		0.027008	315
160	0.000000		0.027008	317
161	0.000000		0.027008	319
162	0.000000		0.027008	322
163	0.000000		0.027719	324
164	0.000000		0.027363	326
165	0.000000		0.027008	328
166	0.000000		0.027008	330
167	0.000000		0.026297	333
168	0.000000		0.027008	335
169	0.000000		0.027008	337
170	0.000000		0.026297	341
171	0.000000		0.027363	344
172	0.000000		0.027008	347
173	0.000000		0.027008	350
174	0.000000		0.027008	354
175	0.000000		0.026652	356
176	0.000000		0.027363	359
177	0.000000		0.027008	362
178	0.000000		0.026652	366
179	0.000000		0.025586	369
180	0.000000		0.025942	372
181	0.000000		0.025942	376
182	0.000000		0.025942	380
183	0.000000		0.025942	384
184	0.000000		0.026652	387
185	0.000000		0.025942	391
186	0.000000		0.026652	393
187	0.000000		0.026652	396
188	0.000000		0.026297	399
189	0.000000		0.026652	402
190	0.000000		0.026297	405
191	0.000000		0.026297	407
192	0.000000		0.026297	410
193	0.000000		0.026652	413
194	0.000000		0.026652	415
195	0.000000		0.026297	418
196	0.000000		0.026297	420
197	0.000000		0.026297	422
198	0.000000		0.025942	425
199	0.000000		0.025586	428
200	0.000000		0.025942	431
201	0.000000		0.025586	433
202	0.000000		0.025942	436
203	0.000000		0.024876	439
204	0.000000		0.024520	442
205	0.000000		0.025231	444
206	0.000000		0.024520	447
207	0.000000		0.024876	449
208	0.000000		0.024165	452
209	0.000000		0.025231	454
210	0.000000		0.024876	457
211	0.000000		0.024876	460
212	0.000000		0.024876	462
213	0.000000		0.024165	465
214	0.000000		0.024876	468
215	0.000000		0.024165	470
216	0.000000		0.024876	473
217	0.000000		0.024165	475
218	0.000000		0.024165	478
219	0.000000		0.023810	481
220	0.000000		0.024520	483
221	0.000000		0.023454	487
222	0.000000		0.023810	491
223	0.000000		0.023454	494
224	0.000000		0.024165	497
225	0.000000		0.024165	502
226	0.000000		0.024165	506
227	0.000000		0.023810	511
228	0.000000		0.024165	515
229	0.000000		0.023810	519
230	0.000000		0.023810	522
231	0.000000		0.023810	526
232	0.000000		0.023454	529
233	0.000000		0.023099	532
234	0.000000		0.023099	535
235	0.000000		0.023454	538
236	0.000000		0.023454	541
237	0.000000		0.024165	544
238	0.000000		0.024165	548
239	0.000000		0.023810	551
240	0.000000		0.023099	554
241	0.000000		0.023454	557
242	0.000000		0.023454	560
243	0.000000		0.023810	563
244	0.000000		0.023099	565
245	0.000000		0.022743	568
246	0.000000		0.023099	571
247	0.000000		0.022743	574
248	0.000000		0.023099	577
249	0.000000		0.023099	580
250	0.000000		0.022388	583
251	0.000000		0.022743	586
252	0.000000		0.023099	589
253	0.000000		0.023454	592
254	0.000000		0.023454	595
255	0.000000		0.024165	598
256	0.000000		0.024165	601
257	0.000000		0.024520	604
258	0.000000		0.024520	606
259	0.000000		0.023099	610
260	0.000000		0.022743	613
261	0.000000		0.022743	616
262	0.000000		0.022388	619
263	0.000000		0.023099	622
264	0.000000		0.022388	626
265	0.000000		0.023099	629
266	0.000000		0.022743	631
267	0.000000		0.023099	634
268	0.000000		0.022388	637
269	0.000000		0.022743	640
270	0.000000		0.022743	644
271	0.000000		0.022388	647
272	0.000000		0.023099	649
273	0.000000		0.023454	652
274	0.000000		0.023454	656
275	0.000000		0.023810	659
276	0.000000		0.023454	662
277	0.000000		0.023454	665
278	0.000000		0.023454	668
279	0.000000		0.023454	671
280	0.000000		0.023454	674
281	0.000000		0.023810	676
282	0.000000		0.023454	679
283	0.000000		0.023454	682
284	0.000000		0.023099	685
285	0.000000		0.022743	688
286	0.000000		0.023454	691
287	0.000000		0.023099	694
288	0.000000		0.023810	696
289	0.000000		0.023099	700
290	0.000000		0.023454	703
291	0.000000		0.023454	706
292	0.000000		0.023099	709
293	0.000000		0.023454	712
294	0.000000		0.022743	715
295	0.000000		0.022033	718
296	0.000000		0.022033	721
297	0.000000		0.022388	724
298	0.000000		0.022388	727
299	0.000000		0.023099	732
300	0.000000		0.023099	736
301	0.000000		0.023454	739
302	0.000000		0.023099	742
303	0.000000		0.023454	746
304	0.000000		0.023099	754
305	0.000000		0.023099	767
306	0.000000		0.023099	778
307	0.000000		0.023099	788
308	0.000000		0.023099	792
309	0.000000		0.023099	795
310	0.000000		0.022388	799
311	0.000000		0.023099	802
312	0.000000		0.022388	805
313	0.000000		0.022743	809
314	0.000000		0.021677	813
315	0.000000		0.022388	816
316	0.000000		0.021677	819
317	0.000000		0.022388	823
318	0.000000		0.022033	826
319	0.000000		0.022033	829
320	0.000000		0.022033	833
321	0.000000		0.022388	835
322	0.000000		0.022388	838
323	0.000000		0.022388	841
324	0.000000		0.021677	843
325	0.000000		0.022033	846
326	0.000000		0.021322	849
327	0.000000		0.021677	851
328	0.000000		0.022743	853
329	0.000000		0.022743	856
330	0.000000		0.022743	858
331	0.000000		0.022743	861
332	0.000000		0.022743	863
333	0.000000		0.022743	866
334	0.000000		0.022388	868
335	0.000000		0.022033	871
336	0.000000		0.023099	873
337	0.000000		0.022033	877
338	0.000000		0.022743	879
339	0.000000		0.022743	881
340	0.000000		0.022743	884
341	0.000000		0.022388	886
342	0.000000		0.022388	888
343	0.000000		0.022388	890
344	0.000000		0.022033	893
345	0.000000		0.022388	896
346	0.000000		0.022388	899
347	0.000000		0.022033	902
348	0.000000		0.021677	905
349	0.000000		0.021322	909
350	0.000000		0.022033	913
351	0.000000		0.021322	917
352	0.000000		0.022033	920
353	0.000000		0.021322	923
354	0.000000		0.021677	927
355	0.000000		0.021322	931
356	0.000000		0.021677	936
357	0.000000		0.021677	939
358	0.000000		0.021677	943
359	0.000000		0.021322	947
360	0.000000		0.021322	950
361	0.000000		0.021322	954
362	0.000000		0.021677	957
363	0.000000		0.021677	960
364	0.000000		0.021677	963
365	0.000000		0.021322	966
366	0.000000		0.022033	969
367	0.000000		0.022033	972
368	0.000000		0.020967	974
369	0.000000		0.021322	977
370	0.000000		0.021322	979
371	0.000000		0.022033	981
372	0.000000		0.022033	984
373	0.000000		0.021677	987
374	0.000000		0.021677	989
375	0.000000		0.021677	992
376	0.000000		0.021677	995
377	0.000000		0.021677	998
378	0.000000		0.022033	1001
379	0.000000		0.021677	1004
380	0.000000		0.021677	1006
381	0.000000		0.021677	1009
382	0.000000		0.021677	1011
383	0.000000		0.021677	1014
384	0.000000		0.021677	1016
385	0.000000		0.021322	1018
386	0.000000		0.020967	1021
387	0.000000		0.020967	1023
388	0.000000		0.022033	1027
389	0.000000		0.021322	1035
390	0.000000		0.021322	1047
391	0.000000		0.021322	1057
392	0.000000		0.020967	1068
393	0.000000		0.021322	1077
394	0.000000		0.021677	1081
395	0.000000		0.021677	1085
396	0.000000		0.021677	1088
397	0.000000		0.021677	1091
398	0.000000		0.021677	1094
399	0.000000		0.022033	1098
400	0.000000		0.022388	1101
401	0.000000		0.021677	1104
402	0.000000		0.022033	1108
403	0.000000		0.022743	1110
404	0.000000		0.022388	1114
405	0.000000		0.022388	1117
406	0.000000		0.021677	1120
407	0.000000		0.022033	1123
408	0.000000		0.022743	1126
409	0.000000		0.022388	1129
410	0.000000		0.022033	1132
411	0.000000		0.022033	1136
412	0.000000		0.022388	1139
413	0.000000		0.022388	1142
414	0.000000		0.022388	1145
415	0.000000		0.022388	1148
416	0.000000		0.022743	1151
417	0.000000		0.023454	1154
418	0.000000		0.022743	1157
419	0.000000		0.023099	1161
420	0.000000		0.023454	1164
421	0.000000		0.023099	1167
422	0.000000		0.023099	1170
423	0.000000		0.023099	1181
424	0.000000		0.023099	1190
425	0.000000		0.023099	1200
426	0.000000		0.023099	1210
427	0.000000		0.023099	1218
428	0.000000		0.023099	1220
429	0.000000		0.023454	1224
430	0.000000		0.023099	1227
431	0.000000		0.023454	1230
432	0.000000		0.022743	1233
433	0.000000		0.023099	1236
434	0.000000		0.022743	1239
435	0.000000		0.023454	1242
436	0.000000		0.023099	1244
437	0.000000		0.023099	1246
438	0.000000		0.022743	1249
439	0.000000		0.022743	1252
440	0.000000		0.023099	1255
441	0.000000		0.023454	1257
442	0.000000		0.023454	1260
443	0.000000		0.023454	1263
444	0.000000		0.023454	1266
445	0.000000		0.023454	1268
446	0.000000		0.023454	1271
447	0.000000		0.023454	1273
448	0.000000		0.023454	1276
449	0.000000		0.023454	1280
450	0.000000		0.023454	1284
451	0.000000		0.023454	1287
452	0.000000		0.023454	1291
453	0.000000		0.023099	1294
454	0.000000		0.023810	1298
455	0.000000		0.023810	1301
456	0.000000		0.023810	1304
457	0.000000		0.023454	1307
458	0.000000		0.023454	1309
459	0.000000		0.023454	1312
460	0.000000		0.023454	1315
461	0.000000		0.023454	1317
462	0.000000		0.023454	1320
463	0.000000		0.023099	1323
464	0.000000		0.023099	1326
465	0.000000		0.023099	1328
466	0.000000		0.023099	1331
467	0.000000		0.023099	1334
468	0.000000		0.023099	1337
469	0.000000		0.023099	1340
470	0.000000		0.023454	1343
471	0.000000		0.023099	1348
472	0.000000		0.023454	1356
473	0.000000		0.023454	1365
474	0.000000		0.023454	1373
475	0.000000		0.023454	1381
476	0.000000		0.023810	1388
477	0.000000		0.023810	1391
478	0.000000		0.024165	1394
479	0.000000		0.024165	1397
480	0.000000		0.023454	1401
481	0.000000		0.023810	1404
482	0.000000		0.023810	1408
483	0.000000		0.023099	1412
484	0.000000		0.023810	1415
485	0.000000		0.023810	1418
486	0.000000		0.023810	1420
487	0.000000		0.023454	1423
488	0.000000		0.023810	1426
489	0.000000		0.023810	1429
490	0.000000		0.023810	1431
491	0.000000		0.023454	1434
492	0.000000		0.024165	1437
493	0.000000		0.023810	1440
494	0.000000		0.024165	1443
495	0.000000		0.023810	1446
496	0.000000		0.023810	1449
497	0.000000		0.023810	1451
498	0.000000		0.023454	1454
499	0.000000		0.023099	1457
500	0.000000		0.023454	1461
501	0.000000		0.023810	1463
502	0.000000		0.023454	1466
503	0.000000		0.024165	1468
504	0.000000		0.024165	1471
505	0.000000		0.024165	1474
506	0.000000		0.024165	1482
507	0.000000		0.023810	1492
508	0.000000		0.023810	1501
509	0.000000		0.023810	1510
510	0.000000		0.023099	1520
511	0.000000		0.023099	1526
512	0.000000		0.023099	1529
513	0.000000		0.023099	1533
514	0.000000		0.023454	1536
515	0.000000		0.023454	1540
516	0.000000		0.023454	1543
517	0.000000		0.022743	1546
518	0.000000		0.023099	1549
519	0.000000		0.022743	1551
520	0.000000		0.023099	1554
521	0.000000		0.023454	1557
522	0.000000		0.023099	1560
523	0.000000		0.022743	1562
524	0.000000		0.023099	1565
525	0.000000		0.023099	1567
526	0.000000		0.022743	1570
527	0.000000		0.022743	1573
528	0.000000		0.022743	1576
529	0.000000		0.023099	1579
530	0.000000		0.023099	1582
531	0.000000		0.023454	1585
532	0.000000		0.023099	1590
533	0.000000		0.023454	1600
534	0.000000		0.023454	1609
535	0.000000		0.023454	1616
536	0.000000		0.022743	1625
537	0.000000		0.023454	1632
538	0.000000		0.023099	1634
539	0.000000		0.023099	1636
540	0.000000		0.022743	1638
541	0.000000		0.023099	1640
542	0.000000		0.022743	1642
543	0.000000		0.023454	1644
544	0.000000		0.022743	1646
545	0.000000		0.022743	1649
546	0.000000		0.022388	1651
547	0.000000		0.022743	1653
548	0.000000		0.022743	1654
549	0.000000		0.023099	1656
550	0.000000		0.023454	1658
551	0.000000		0.023454	1660
552	0.000000		0.023454	1661
553	0.000000		0.023810	1663
554	0.000000		0.023454	1665
555	0.000000		0.024165	1667
556	0.000000		0.023099	1669
557	0.000000		0.023810	1671
558	0.000000		0.023810	1673
559	0.000000		0.023454	1674
560	0.000000		0.023099	1677
561	0.000000		0.023099	1679
562	0.000000		0.023099	1681
563	0.000000		0.023454	1682
564	0.000000		0.023099	1684
565	0.000000		0.023454	1687
566	0.000000		0.023099	1690
567	0.000000		0.023454	1693
568	0.000000		0.023454	1696
569	0.000000		0.023099	1698
570	0.000000		0.022743	1700
571	0.000000		0.023454	1702
572	0.000000		0.022743	1704
573	0.000000		0.023810	1706
574	0.000000		0.022743	1708
575	0.000000		0.023454	1710
576	0.000000		0.023099	1711
577	0.000000		0.023454	1713
578	0.000000		0.023099	1715
579	0.000000		0.022743	1717
580	0.000000		0.022743	1719
581	0.000000		0.023099	1722
582	0.000000		0.022743	1724
583	0.000000		0.022743	1726
584	0.000000		0.023099	1728
585	0.000000		0.022743	1730
586	0.000000		0.022743	1732
587	0.000000		0.022743	1734
588	0.000000		0.022743	1736
589	0.000000		0.023454	1738
590	0.000000		0.023099	1740
591	0.000000		0.023454	1742
592	0.000000		0.022743	1744
593	0.000000		0.024165	1746
594	0.000000		0.023810	1748
595	0.000000		0.024165	1750
596	0.000000		0.023810	1752
597	0.000000		0.023810	1755
598	0.000000		0.023810	1756
599	0.000000		0.023810	1758
600	0.000000		0.022743	1760
601	0.000000		0.023810	1763
602	0.000000		0.023454	1765
603	0.000000		0.024165	1767
604	0.000000		0.023099	1769
605	0.000000		0.023454	1771
606	0.000000		0.022743	1773
607	0.000000		0.023810	1775
608	0.000000		0.023810	1777
609	0.000000		0.023810	1779
610	0.000000		0.023810	1780
611	0.000000		0.023810	1782
612	0.000000		0.023810	1784
613	0.000000		0.024165	1786
614	0.000000		0.023454	1788
615	0.000000		0.024520	1789
616	0.000000		0.024165	1791
617	0.000000		0.024520	1793
618	0.000000		0.023099	1795
619	0.000000		0.023810	1797
620	0.000000		0.023454	1798
621	0.000000		0.023454	1800
622	0.000000		0.023099	1802
