0	0.148510		0.398010	0
1	0.006351		0.034471	1
2	0.006351		0.034471	2
3	0.000489		0.034471	4
4	0.000000		0.021322	5
5	0.000000		0.016347	6
6	0.000000		0.009240	7
7	0.000000		0.009950	9
8	0.000000		0.012438	10
9	0.000000		0.010306	11
10	0.000000		0.008884	12
11	0.000000		0.008529	13
12	0.000000		0.007818	15
13	0.000000		0.007107	16
14	0.000000		0.007818	17
15	0.000000		0.006041	18
16	0.000000		0.006041	19
17	0.000000		0.006752	21
18	0.000000		0.006397	22
19	0.000000		0.006041	23
20	0.000000		0.004620	24
21	0.000000		0.004975	25
22	0.000000		0.005330	27
23	0.000000		0.004975	28
24	0.000000		0.004264	29
25	0.000000		0.004620	30
26	0.000000		0.004620	31
27	0.000000		0.005330	32
28	0.000000		0.006041	34
29	0.000000		0.005330	35
30	0.000000		0.005686	36
31	0.000000		0.004975	37
32	0.000000		0.005330	39
33	0.000000		0.004620	40
34	0.000000		0.004975	41
35	0.000000		0.004620	42
36	0.000000		0.004620	44
37	0.000000		0.004264	45
38	0.000000		0.004975	46
39	0.000000		0.004975	47
40	0.000000		0.005330	48
41	0.000000		0.005330	50
42	0.000000		0.004620	51
43	0.000000		0.005330	52
44	0.000000		0.004975	53
45	0.000000		0.004975	55
46	0.000000		0.004620	56
47	0.000000		0.004620	57
48	0.000000		0.004620	58
49	0.000000		0.004620	60
50	0.000000		0.004620	61
51	0.000000		0.005330	62
52	0.000000		0.004975	63
53	0.000000		0.005330	65
54	0.000000		0.005330	66
55	0.000000		0.005330	67
56	0.000000		0.004975	68
57	0.000000		0.005686	70
58	0.000000		0.004975	71
59	0.000000		0.005330	72
60	0.000000		0.004620	73
61	0.000000		0.004975	74
62	0.000000		0.004975	76
63	0.000000		0.004975	77
64	0.000000		0.004620	78
65	0.000000		0.004620	79
66	0.000000		0.004620	80
67	0.000000		0.004264	82
68	0.000000		0.004264	83
69	0.000000		0.003909	84
70	0.000000		0.004264	85
71	0.000000		0.004264	86
72	0.000000		0.003909	88
73	0.000000		0.003909	89
74	0.000000		0.003909	90
75	0.000000		0.003909	91
76	0.000000		0.003909	92
77	0.000000		0.003909	94
78	0.000000		0.003909	95
79	0.000000		0.004264	96
80	0.000000		0.004264	97
81	0.000000		0.004264	99
82	0.000000		0.004264	100
83	0.000000		0.004264	101
84	0.000000		0.004264	102
85	0.000000		0.004264	103
86	0.000000		0.004264	104
87	0.000000		0.004264	106
88	0.000000		0.004264	107
89	0.000000		0.004264	108
90	0.000000		0.004264	109
91	0.000000		0.004264	111
92	0.000000		0.004620	112
93	0.000000		0.004264	113
94	0.000000		0.003909	114
95	0.000000		0.003909	115
96	0.000000		0.003909	117
97	0.000000		0.003909	118
98	0.000000		0.003909	119
99	0.000000		0.003909	120
100	0.000000		0.003909	121
101	0.000000		0.003909	123
102	0.000000		0.003909	124
103	0.000000		0.003909	125
104	0.000000		0.003909	126
105	0.000000		0.003909	127
106	0.000000		0.003909	129
107	0.000000		0.003909	130
108	0.000000		0.003909	131
109	0.000000		0.003554	132
110	0.000000		0.003554	133
111	0.000000		0.003554	135
112	0.000000		0.003554	136
113	0.000000		0.003554	137
114	0.000000		0.003554	138
115	0.000000		0.003554	139
116	0.000000		0.003554	141
117	0.000000		0.003554	142
118	0.000000		0.003554	143
119	0.000000		0.003554	144
120	0.000000		0.003554	146
121	0.000000		0.003554	147
122	0.000000		0.003554	148
123	0.000000		0.003554	149
124	0.000000		0.003554	151
125	0.000000		0.003554	152
126	0.000000		0.003554	153
127	0.000000		0.003554	155
128	0.000000		0.003554	156
129	0.000000		0.003554	157
130	0.000000		0.003554	158
131	0.000000		0.003554	160
132	0.000000		0.003554	161
133	0.000000		0.003554	162
134	0.000000		0.003554	163
135	0.000000		0.003554	165
136	0.000000		0.003554	166
137	0.000000		0.003554	167
138	0.000000		0.003554	169
139	0.000000		0.003554	170
140	0.000000		0.003554	171
141	0.000000		0.003554	172
142	0.000000		0.003554	174
143	0.000000		0.003554	175
144	0.000000		0.003554	176
145	0.000000		0.003554	177
146	0.000000		0.003554	179
147	0.000000		0.003554	180
148	0.000000		0.003554	181
149	0.000000		0.003554	182
150	0.000000		0.003554	184
151	0.000000		0.003554	185
152	0.000000		0.003554	186
153	0.000000		0.003554	187
154	0.000000		0.003554	189
155	0.000000		0.003554	190
156	0.000000		0.003554	191
157	0.000000		0.003554	192
158	0.000000		0.003554	194
159	0.000000		0.003554	195
160	0.000000		0.003554	196
161	0.000000		0.003554	197
162	0.000000		0.003554	199
163	0.000000		0.003554	200
164	0.000000		0.003554	201
165	0.000000		0.003554	203
166	0.000000		0.003554	204
167	0.000000		0.003554	205
168	0.000000		0.003554	207
169	0.000000		0.003554	208
170	0.000000		0.003554	209
171	0.000000		0.003554	210
172	0.000000		0.003554	211
173	0.000000		0.003554	213
174	0.000000		0.003554	214
175	0.000000		0.003554	215
176	0.000000		0.003554	217
177	0.000000		0.003554	218
178	0.000000		0.003554	219
179	0.000000		0.003554	220
180	0.000000		0.003554	222
181	0.000000		0.003554	223
182	0.000000		0.003554	224
183	0.000000		0.003554	225
184	0.000000		0.003554	226
185	0.000000		0.003554	227
186	0.000000		0.003554	229
187	0.000000		0.003554	230
188	0.000000		0.003554	231
189	0.000000		0.003554	232
190	0.000000		0.003554	234
191	0.000000		0.003554	235
192	0.000000		0.003554	236
193	0.000000		0.003554	237
194	0.000000		0.003554	238
195	0.000000		0.003554	240
196	0.000000		0.003554	241
197	0.000000		0.003554	242
198	0.000000		0.003554	243
199	0.000000		0.003554	245
200	0.000000		0.003554	246
201	0.000000		0.003554	247
202	0.000000		0.003554	248
203	0.000000		0.003554	250
204	0.000000		0.003554	251
205	0.000000		0.003554	252
206	0.000000		0.003554	254
207	0.000000		0.003554	255
208	0.000000		0.003554	256
209	0.000000		0.003554	257
210	0.000000		0.003554	258
211	0.000000		0.003554	260
212	0.000000		0.003554	261
213	0.000000		0.003554	262
214	0.000000		0.003554	264
215	0.000000		0.003554	265
216	0.000000		0.003554	266
217	0.000000		0.003554	267
218	0.000000		0.003554	269
219	0.000000		0.003554	270
220	0.000000		0.003554	271
221	0.000000		0.003554	273
222	0.000000		0.003554	274
223	0.000000		0.003554	275
224	0.000000		0.003554	277
225	0.000000		0.003554	278
226	0.000000		0.003554	279
227	0.000000		0.003554	280
228	0.000000		0.003554	281
229	0.000000		0.003554	283
230	0.000000		0.003198	284
231	0.000000		0.003554	285
232	0.000000		0.003198	287
233	0.000000		0.003198	288
234	0.000000		0.003198	289
235	0.000000		0.003198	290
236	0.000000		0.003198	292
237	0.000000		0.003198	293
238	0.000000		0.003198	294
239	0.000000		0.003198	295
240	0.000000		0.003198	297
241	0.000000		0.003198	298
242	0.000000		0.003198	299
243	0.000000		0.003198	300
244	0.000000		0.003198	302
245	0.000000		0.003198	303
246	0.000000		0.003198	304
247	0.000000		0.003198	306
248	0.000000		0.003198	307
249	0.000000		0.003198	308
250	0.000000		0.003198	309
251	0.000000		0.003198	311
252	0.000000		0.003198	312
253	0.000000		0.003198	313
254	0.000000		0.003198	315
255	0.000000		0.003198	316
256	0.000000		0.003198	317
257	0.000000		0.003198	319
258	0.000000		0.003198	320
259	0.000000		0.003198	321
260	0.000000		0.003198	322
261	0.000000		0.003198	323
262	0.000000		0.003198	325
263	0.000000		0.003198	326
264	0.000000		0.003198	327
265	0.000000		0.003198	328
266	0.000000		0.003198	329
267	0.000000		0.003198	331
268	0.000000		0.003198	332
269	0.000000		0.003198	333
270	0.000000		0.003198	335
271	0.000000		0.003198	336
272	0.000000		0.003198	337
273	0.000000		0.003198	338
274	0.000000		0.003198	339
275	0.000000		0.003198	341
276	0.000000		0.003198	342
277	0.000000		0.003198	343
278	0.000000		0.003198	345
279	0.000000		0.003198	346
280	0.000000		0.003198	347
281	0.000000		0.003198	348
282	0.000000		0.003198	349
283	0.000000		0.003198	351
284	0.000000		0.003198	352
285	0.000000		0.003198	353
286	0.000000		0.003198	354
287	0.000000		0.003198	355
288	0.000000		0.003198	356
289	0.000000		0.003198	357
290	0.000000		0.003198	359
291	0.000000		0.003198	360
292	0.000000		0.003198	361
293	0.000000		0.003198	362
294	0.000000		0.003198	363
295	0.000000		0.003198	365
296	0.000000		0.003198	366
297	0.000000		0.003198	367
298	0.000000		0.003198	368
299	0.000000		0.003198	370
300	0.000000		0.003198	371
301	0.000000		0.003198	372
302	0.000000		0.003198	373
303	0.000000		0.003198	374
304	0.000000		0.003198	376
305	0.000000		0.003198	377
306	0.000000		0.003198	378
307	0.000000		0.003198	379
308	0.000000		0.003198	380
309	0.000000		0.003198	381
310	0.000000		0.003198	383
311	0.000000		0.003198	384
312	0.000000		0.003198	385
313	0.000000		0.003198	386
314	0.000000		0.003198	388
315	0.000000		0.003198	389
316	0.000000		0.003198	390
317	0.000000		0.003198	391
318	0.000000		0.003198	393
319	0.000000		0.003198	394
320	0.000000		0.003198	395
321	0.000000		0.003198	396
322	0.000000		0.003198	397
323	0.000000		0.003198	399
324	0.000000		0.003198	400
325	0.000000		0.003198	401
326	0.000000		0.003198	402
327	0.000000		0.003198	404
328	0.000000		0.003198	405
329	0.000000		0.003198	406
330	0.000000		0.003198	408
331	0.000000		0.003198	409
332	0.000000		0.003198	410
333	0.000000		0.003198	411
334	0.000000		0.003198	413
335	0.000000		0.003198	414
336	0.000000		0.003198	415
337	0.000000		0.003198	417
338	0.000000		0.003198	418
339	0.000000		0.003198	419
340	0.000000		0.003198	420
341	0.000000		0.003198	422
342	0.000000		0.003198	423
343	0.000000		0.003198	424
344	0.000000		0.003198	426
345	0.000000		0.003198	427
346	0.000000		0.003198	428
347	0.000000		0.003198	429
348	0.000000		0.003198	431
349	0.000000		0.003198	432
350	0.000000		0.003198	433
351	0.000000		0.003198	435
352	0.000000		0.003198	436
353	0.000000		0.003198	437
354	0.000000		0.003198	439
355	0.000000		0.003198	440
356	0.000000		0.003198	441
357	0.000000		0.003198	442
358	0.000000		0.003198	444
359	0.000000		0.003198	445
360	0.000000		0.003198	446
361	0.000000		0.003198	447
362	0.000000		0.003198	449
363	0.000000		0.003198	450
364	0.000000		0.003198	451
365	0.000000		0.003198	453
366	0.000000		0.003198	454
367	0.000000		0.003198	455
368	0.000000		0.003198	457
369	0.000000		0.003198	458
370	0.000000		0.003198	459
371	0.000000		0.003198	461
372	0.000000		0.003198	462
373	0.000000		0.003198	464
374	0.000000		0.003198	465
375	0.000000		0.003198	466
376	0.000000		0.003198	468
377	0.000000		0.003198	469
378	0.000000		0.003198	470
379	0.000000		0.003198	472
380	0.000000		0.003198	473
381	0.000000		0.003198	474
382	0.000000		0.003198	476
383	0.000000		0.003198	477
384	0.000000		0.003198	478
385	0.000000		0.003198	479
386	0.000000		0.003198	481
387	0.000000		0.003198	482
388	0.000000		0.003198	483
389	0.000000		0.003198	484
390	0.000000		0.003198	486
391	0.000000		0.003198	487
392	0.000000		0.003198	488
393	0.000000		0.003198	489
394	0.000000		0.003198	491
395	0.000000		0.003198	492
396	0.000000		0.003198	493
397	0.000000		0.003198	495
398	0.000000		0.003198	496
399	0.000000		0.003198	497
400	0.000000		0.003198	498
401	0.000000		0.003198	500
402	0.000000		0.003198	501
403	0.000000		0.003198	502
404	0.000000		0.003198	503
405	0.000000		0.003198	504
406	0.000000		0.003198	506
407	0.000000		0.003198	507
408	0.000000		0.003198	508
409	0.000000		0.003198	509
410	0.000000		0.003198	511
411	0.000000		0.003198	512
412	0.000000		0.003198	513
413	0.000000		0.003198	515
414	0.000000		0.003198	516
415	0.000000		0.003198	518
416	0.000000		0.003198	519
417	0.000000		0.003198	520
418	0.000000		0.003198	522
419	0.000000		0.003198	523
420	0.000000		0.003198	524
421	0.000000		0.003198	526
422	0.000000		0.003198	527
423	0.000000		0.003198	528
424	0.000000		0.003198	529
425	0.000000		0.003198	531
426	0.000000		0.003198	532
427	0.000000		0.003198	533
428	0.000000		0.003198	535
429	0.000000		0.003198	536
430	0.000000		0.003198	537
431	0.000000		0.003198	538
432	0.000000		0.003198	540
433	0.000000		0.003198	541
434	0.000000		0.003198	542
435	0.000000		0.003198	543
436	0.000000		0.003198	544
437	0.000000		0.003198	546
438	0.000000		0.003198	547
439	0.000000		0.003198	548
440	0.000000		0.003198	550
441	0.000000		0.003198	551
442	0.000000		0.003198	553
443	0.000000		0.003198	554
444	0.000000		0.003198	555
445	0.000000		0.003198	556
446	0.000000		0.003198	558
447	0.000000		0.003198	559
448	0.000000		0.003198	560
449	0.000000		0.003198	562
450	0.000000		0.003198	563
451	0.000000		0.003198	564
452	0.000000		0.003198	565
453	0.000000		0.003198	566
454	0.000000		0.003198	568
455	0.000000		0.003198	569
456	0.000000		0.003198	570
457	0.000000		0.003198	572
458	0.000000		0.003198	573
459	0.000000		0.003198	574
460	0.000000		0.003198	575
461	0.000000		0.003198	576
462	0.000000		0.003198	578
463	0.000000		0.003198	579
464	0.000000		0.003198	580
465	0.000000		0.003198	582
466	0.000000		0.003198	583
467	0.000000		0.003198	584
468	0.000000		0.003198	586
469	0.000000		0.003198	587
470	0.000000		0.003198	588
471	0.000000		0.003198	589
472	0.000000		0.003198	591
473	0.000000		0.003198	592
474	0.000000		0.003198	593
475	0.000000		0.003198	594
476	0.000000		0.003198	596
477	0.000000		0.003198	597
478	0.000000		0.003198	598
479	0.000000		0.003198	599
480	0.000000		0.003198	601
481	0.000000		0.003198	602
482	0.000000		0.003198	603
483	0.000000		0.003198	605
484	0.000000		0.003198	606
485	0.000000		0.003198	607
486	0.000000		0.003198	609
487	0.000000		0.003198	610
488	0.000000		0.003198	611
489	0.000000		0.003198	612
490	0.000000		0.003198	613
491	0.000000		0.003198	615
492	0.000000		0.003198	616
493	0.000000		0.003198	617
494	0.000000		0.003198	618
495	0.000000		0.003198	619
496	0.000000		0.003198	621
497	0.000000		0.003198	622
498	0.000000		0.003198	623
499	0.000000		0.003198	625
500	0.000000		0.003198	626
501	0.000000		0.003198	627
502	0.000000		0.003198	628
503	0.000000		0.003198	629
504	0.000000		0.003198	631
505	0.000000		0.003198	632
506	0.000000		0.003198	633
507	0.000000		0.003198	635
508	0.000000		0.003198	636
509	0.000000		0.003198	638
510	0.000000		0.003198	639
511	0.000000		0.003198	640
512	0.000000		0.003198	642
513	0.000000		0.003198	643
514	0.000000		0.003198	644
515	0.000000		0.003198	645
516	0.000000		0.003198	647
517	0.000000		0.003198	648
518	0.000000		0.003198	650
519	0.000000		0.003198	651
520	0.000000		0.003198	653
521	0.000000		0.003198	654
522	0.000000		0.003198	655
523	0.000000		0.003198	657
524	0.000000		0.003198	658
525	0.000000		0.003198	659
526	0.000000		0.003198	660
527	0.000000		0.003198	662
528	0.000000		0.003198	663
529	0.000000		0.003198	664
530	0.000000		0.003198	665
531	0.000000		0.003198	666
532	0.000000		0.003198	668
533	0.000000		0.003198	669
534	0.000000		0.003198	670
535	0.000000		0.003198	672
536	0.000000		0.003198	673
537	0.000000		0.003198	674
538	0.000000		0.003198	676
539	0.000000		0.003198	677
540	0.000000		0.003198	678
541	0.000000		0.003198	679
542	0.000000		0.003198	680
543	0.000000		0.003198	682
544	0.000000		0.003198	683
545	0.000000		0.003198	684
546	0.000000		0.003198	685
547	0.000000		0.003198	686
548	0.000000		0.003198	688
549	0.000000		0.003198	689
550	0.000000		0.003198	690
551	0.000000		0.003198	692
552	0.000000		0.003198	693
553	0.000000		0.003198	694
554	0.000000		0.003198	695
555	0.000000		0.003198	697
556	0.000000		0.003198	698
557	0.000000		0.003198	699
558	0.000000		0.003198	700
559	0.000000		0.003198	702
560	0.000000		0.003198	703
561	0.000000		0.003198	704
562	0.000000		0.003198	705
563	0.000000		0.003198	706
564	0.000000		0.003198	708
565	0.000000		0.003198	709
566	0.000000		0.003198	710
567	0.000000		0.003198	711
568	0.000000		0.003198	713
569	0.000000		0.003198	714
570	0.000000		0.003198	715
571	0.000000		0.003198	716
572	0.000000		0.003198	717
573	0.000000		0.003198	719
574	0.000000		0.003198	720
575	0.000000		0.003198	721
576	0.000000		0.003198	722
577	0.000000		0.003198	724
578	0.000000		0.003198	725
579	0.000000		0.003198	726
580	0.000000		0.003198	728
581	0.000000		0.003198	729
582	0.000000		0.003198	730
583	0.000000		0.003198	731
584	0.000000		0.003198	732
585	0.000000		0.003198	733
586	0.000000		0.003198	735
587	0.000000		0.003198	736
588	0.000000		0.003198	737
589	0.000000		0.003198	738
590	0.000000		0.003198	740
591	0.000000		0.003198	741
592	0.000000		0.003198	742
593	0.000000		0.003198	743
594	0.000000		0.003198	744
595	0.000000		0.003198	746
596	0.000000		0.003198	747
597	0.000000		0.003198	748
598	0.000000		0.003198	750
599	0.000000		0.003198	751
600	0.000000		0.003198	752
601	0.000000		0.003198	753
602	0.000000		0.003198	755
603	0.000000		0.003198	756
604	0.000000		0.003198	757
605	0.000000		0.003198	758
606	0.000000		0.003198	760
607	0.000000		0.003198	761
608	0.000000		0.003198	762
609	0.000000		0.003198	764
610	0.000000		0.003198	765
611	0.000000		0.003198	766
612	0.000000		0.003198	767
613	0.000000		0.003198	769
614	0.000000		0.003198	770
615	0.000000		0.003198	771
616	0.000000		0.003198	772
617	0.000000		0.003198	773
618	0.000000		0.003198	775
619	0.000000		0.003198	776
620	0.000000		0.003198	777
621	0.000000		0.003198	778
622	0.000000		0.003198	780
623	0.000000		0.003198	781
624	0.000000		0.003198	782
625	0.000000		0.003198	784
626	0.000000		0.003198	785
627	0.000000		0.003198	786
628	0.000000		0.003198	787
629	0.000000		0.003198	788
630	0.000000		0.003198	789
631	0.000000		0.003198	791
632	0.000000		0.003198	792
633	0.000000		0.003198	793
634	0.000000		0.003198	794
635	0.000000		0.003198	796
636	0.000000		0.003198	797
637	0.000000		0.003198	798
638	0.000000		0.003198	799
639	0.000000		0.003198	801
640	0.000000		0.003198	802
641	0.000000		0.003198	803
642	0.000000		0.003198	804
643	0.000000		0.003198	805
644	0.000000		0.003198	807
645	0.000000		0.003198	808
646	0.000000		0.003198	809
647	0.000000		0.003198	810
648	0.000000		0.003198	812
649	0.000000		0.003198	813
650	0.000000		0.003198	815
651	0.000000		0.003198	816
652	0.000000		0.003198	817
653	0.000000		0.003198	818
654	0.000000		0.003198	819
655	0.000000		0.003198	821
656	0.000000		0.003198	822
657	0.000000		0.003198	823
658	0.000000		0.003198	825
659	0.000000		0.003198	826
660	0.000000		0.003198	827
661	0.000000		0.003198	828
662	0.000000		0.003198	830
663	0.000000		0.003198	831
664	0.000000		0.003198	832
665	0.000000		0.003198	833
666	0.000000		0.003198	835
667	0.000000		0.003198	836
668	0.000000		0.003198	837
669	0.000000		0.003198	838
670	0.000000		0.003198	839
671	0.000000		0.003198	841
672	0.000000		0.003198	842
673	0.000000		0.003198	843
674	0.000000		0.003198	844
675	0.000000		0.003198	845
676	0.000000		0.003198	847
677	0.000000		0.003198	848
678	0.000000		0.003198	849
679	0.000000		0.003198	851
680	0.000000		0.003198	852
681	0.000000		0.003198	853
682	0.000000		0.003198	854
683	0.000000		0.003198	855
684	0.000000		0.003198	857
685	0.000000		0.003198	858
686	0.000000		0.003198	859
687	0.000000		0.003198	861
688	0.000000		0.003198	862
689	0.000000		0.003198	863
690	0.000000		0.003198	864
691	0.000000		0.003198	866
692	0.000000		0.003198	867
693	0.000000		0.003198	868
694	0.000000		0.003198	869
695	0.000000		0.003198	871
696	0.000000		0.003198	872
697	0.000000		0.003198	873
698	0.000000		0.003198	874
699	0.000000		0.003198	876
700	0.000000		0.003198	877
701	0.000000		0.003198	878
702	0.000000		0.003198	879
703	0.000000		0.003198	881
704	0.000000		0.003198	882
705	0.000000		0.003198	883
706	0.000000		0.003198	884
707	0.000000		0.003198	886
708	0.000000		0.003198	887
709	0.000000		0.003198	888
710	0.000000		0.003198	889
711	0.000000		0.003198	891
712	0.000000		0.003198	892
713	0.000000		0.003198	893
714	0.000000		0.003198	894
715	0.000000		0.003198	895
716	0.000000		0.003198	897
717	0.000000		0.003198	898
718	0.000000		0.003198	899
719	0.000000		0.003198	900
720	0.000000		0.003198	902
721	0.000000		0.003198	903
722	0.000000		0.003198	904
723	0.000000		0.003198	905
724	0.000000		0.003198	906
725	0.000000		0.003198	907
726	0.000000		0.003198	909
727	0.000000		0.003198	910
728	0.000000		0.003198	911
729	0.000000		0.003198	913
730	0.000000		0.003198	914
731	0.000000		0.003198	915
732	0.000000		0.003198	916
733	0.000000		0.003198	917
734	0.000000		0.003198	919
735	0.000000		0.003198	920
736	0.000000		0.003198	921
737	0.000000		0.003198	922
738	0.000000		0.003198	924
739	0.000000		0.003198	925
740	0.000000		0.003198	927
741	0.000000		0.003198	928
742	0.000000		0.003198	930
743	0.000000		0.003198	931
744	0.000000		0.003198	932
745	0.000000		0.003198	934
746	0.000000		0.003198	935
747	0.000000		0.003198	936
748	0.000000		0.003198	938
749	0.000000		0.003198	939
750	0.000000		0.003198	941
751	0.000000		0.003198	942
752	0.000000		0.003198	943
753	0.000000		0.003198	944
754	0.000000		0.003198	945
755	0.000000		0.003198	947
756	0.000000		0.003198	948
757	0.000000		0.003198	949
758	0.000000		0.003198	950
759	0.000000		0.003198	952
760	0.000000		0.003198	953
761	0.000000		0.003198	954
762	0.000000		0.003198	955
763	0.000000		0.003198	957
764	0.000000		0.003198	958
765	0.000000		0.003198	959
766	0.000000		0.003198	960
767	0.000000		0.003198	962
768	0.000000		0.003198	963
769	0.000000		0.003198	964
770	0.000000		0.003198	966
771	0.000000		0.003198	967
772	0.000000		0.003198	968
773	0.000000		0.003198	969
774	0.000000		0.003198	970
775	0.000000		0.003198	972
776	0.000000		0.003198	973
777	0.000000		0.003198	974
778	0.000000		0.003198	975
779	0.000000		0.003198	977
780	0.000000		0.003198	978
781	0.000000		0.003198	979
782	0.000000		0.003198	980
783	0.000000		0.003198	981
784	0.000000		0.003198	982
785	0.000000		0.003198	984
786	0.000000		0.003198	985
787	0.000000		0.003198	987
788	0.000000		0.003198	988
789	0.000000		0.003198	989
790	0.000000		0.003198	991
791	0.000000		0.003198	992
792	0.000000		0.003198	993
793	0.000000		0.003198	995
794	0.000000		0.003198	996
795	0.000000		0.003198	998
796	0.000000		0.003198	999
797	0.000000		0.003198	1000
798	0.000000		0.003198	1001
799	0.000000		0.003198	1003
800	0.000000		0.003198	1004
801	0.000000		0.003198	1005
802	0.000000		0.003198	1007
803	0.000000		0.003198	1008
804	0.000000		0.003198	1009
805	0.000000		0.003198	1010
806	0.000000		0.003198	1012
807	0.000000		0.003198	1013
808	0.000000		0.003198	1014
809	0.000000		0.003198	1015
810	0.000000		0.003198	1017
811	0.000000		0.003198	1018
812	0.000000		0.003198	1019
813	0.000000		0.003198	1020
814	0.000000		0.003198	1022
815	0.000000		0.003198	1023
816	0.000000		0.003198	1024
817	0.000000		0.003198	1025
818	0.000000		0.003198	1027
819	0.000000		0.003198	1028
820	0.000000		0.003198	1029
821	0.000000		0.003198	1030
822	0.000000		0.003198	1032
823	0.000000		0.003198	1033
824	0.000000		0.003198	1034
825	0.000000		0.003198	1036
826	0.000000		0.003198	1037
827	0.000000		0.003198	1038
828	0.000000		0.003198	1039
829	0.000000		0.003198	1041
830	0.000000		0.003198	1042
831	0.000000		0.003198	1043
832	0.000000		0.003198	1044
833	0.000000		0.003198	1045
834	0.000000		0.003198	1047
835	0.000000		0.003198	1048
836	0.000000		0.003198	1049
837	0.000000		0.003198	1051
838	0.000000		0.003198	1052
839	0.000000		0.003198	1053
840	0.000000		0.003198	1054
841	0.000000		0.003198	1056
842	0.000000		0.003198	1057
843	0.000000		0.003198	1058
844	0.000000		0.003198	1060
845	0.000000		0.003198	1061
846	0.000000		0.003198	1062
847	0.000000		0.003198	1063
848	0.000000		0.003198	1065
849	0.000000		0.003198	1066
850	0.000000		0.003198	1067
851	0.000000		0.003198	1069
852	0.000000		0.003198	1070
853	0.000000		0.003198	1071
854	0.000000		0.003198	1072
855	0.000000		0.003198	1073
856	0.000000		0.003198	1075
857	0.000000		0.003198	1076
858	0.000000		0.003198	1077
859	0.000000		0.003198	1078
860	0.000000		0.003198	1080
861	0.000000		0.003198	1081
862	0.000000		0.003198	1082
863	0.000000		0.003198	1083
864	0.000000		0.003198	1084
865	0.000000		0.003198	1086
866	0.000000		0.003198	1087
867	0.000000		0.003198	1088
868	0.000000		0.003198	1089
869	0.000000		0.003198	1091
870	0.000000		0.003198	1092
871	0.000000		0.003198	1093
872	0.000000		0.003198	1095
873	0.000000		0.003198	1096
874	0.000000		0.003198	1097
875	0.000000		0.003198	1098
876	0.000000		0.003198	1100
877	0.000000		0.003198	1101
878	0.000000		0.003198	1102
879	0.000000		0.003198	1103
880	0.000000		0.003198	1104
881	0.000000		0.003198	1106
882	0.000000		0.003198	1107
883	0.000000		0.003198	1108
884	0.000000		0.003198	1109
885	0.000000		0.003198	1111
886	0.000000		0.003198	1112
887	0.000000		0.003198	1113
888	0.000000		0.003198	1114
889	0.000000		0.003198	1116
890	0.000000		0.003198	1117
891	0.000000		0.003198	1118
892	0.000000		0.003198	1120
893	0.000000		0.003198	1121
894	0.000000		0.003198	1122
895	0.000000		0.003198	1123
896	0.000000		0.003198	1125
897	0.000000		0.003198	1126
898	0.000000		0.003198	1127
899	0.000000		0.003198	1128
900	0.000000		0.003198	1129
901	0.000000		0.003198	1131
902	0.000000		0.003198	1132
903	0.000000		0.003198	1133
904	0.000000		0.003198	1134
905	0.000000		0.003198	1135
906	0.000000		0.003198	1137
907	0.000000		0.003198	1138
908	0.000000		0.003198	1139
909	0.000000		0.003198	1141
910	0.000000		0.003198	1142
911	0.000000		0.003198	1143
912	0.000000		0.003198	1144
913	0.000000		0.003198	1145
914	0.000000		0.003198	1147
915	0.000000		0.003198	1148
916	0.000000		0.003198	1149
917	0.000000		0.003198	1150
918	0.000000		0.003198	1152
919	0.000000		0.003198	1153
920	0.000000		0.003198	1154
921	0.000000		0.003198	1155
922	0.000000		0.003198	1157
923	0.000000		0.003198	1158
924	0.000000		0.003198	1159
925	0.000000		0.003198	1160
926	0.000000		0.003198	1161
927	0.000000		0.003198	1163
928	0.000000		0.003198	1164
929	0.000000		0.003198	1165
930	0.000000		0.003198	1167
931	0.000000		0.003198	1168
932	0.000000		0.003198	1169
933	0.000000		0.003198	1170
934	0.000000		0.003198	1172
935	0.000000		0.003198	1173
936	0.000000		0.003198	1174
937	0.000000		0.003198	1175
938	0.000000		0.003198	1177
939	0.000000		0.003198	1178
940	0.000000		0.003198	1179
941	0.000000		0.003198	1181
942	0.000000		0.003198	1182
943	0.000000		0.003198	1183
944	0.000000		0.003198	1184
945	0.000000		0.003198	1186
946	0.000000		0.003198	1187
947	0.000000		0.003198	1188
948	0.000000		0.003198	1189
949	0.000000		0.003198	1191
950	0.000000		0.003198	1192
951	0.000000		0.003198	1193
952	0.000000		0.003198	1194
953	0.000000		0.003198	1196
954	0.000000		0.003198	1197
955	0.000000		0.003198	1198
956	0.000000		0.003198	1199
957	0.000000		0.003198	1201
958	0.000000		0.003198	1202
959	0.000000		0.003198	1203
960	0.000000		0.003198	1205
961	0.000000		0.003198	1206
962	0.000000		0.003198	1207
963	0.000000		0.003198	1208
964	0.000000		0.003198	1210
965	0.000000		0.003198	1211
966	0.000000		0.003198	1212
967	0.000000		0.003198	1213
968	0.000000		0.003198	1215
969	0.000000		0.003198	1216
970	0.000000		0.003198	1217
971	0.000000		0.003198	1218
972	0.000000		0.003198	1220
973	0.000000		0.003198	1221
974	0.000000		0.003198	1222
975	0.000000		0.003198	1224
976	0.000000		0.003198	1225
977	0.000000		0.003198	1226
978	0.000000		0.003198	1228
979	0.000000		0.003198	1229
980	0.000000		0.003198	1231
981	0.000000		0.003198	1232
982	0.000000		0.003198	1233
983	0.000000		0.003198	1234
984	0.000000		0.003198	1236
985	0.000000		0.003198	1237
986	0.000000		0.003198	1238
987	0.000000		0.003198	1240
988	0.000000		0.003198	1241
989	0.000000		0.003198	1242
990	0.000000		0.003198	1243
991	0.000000		0.003198	1245
992	0.000000		0.003198	1246
993	0.000000		0.003198	1247
994	0.000000		0.003198	1248
995	0.000000		0.003198	1250
996	0.000000		0.003198	1251
997	0.000000		0.003198	1252
998	0.000000		0.003198	1254
999	0.000000		0.003198	1255
1000	0.000000		0.003198	1256
1001	0.000000		0.003198	1257
1002	0.000000		0.003198	1258
1003	0.000000		0.003198	1260
1004	0.000000		0.003198	1261
1005	0.000000		0.003198	1262
1006	0.000000		0.003198	1264
1007	0.000000		0.003198	1265
1008	0.000000		0.003198	1266
1009	0.000000		0.003198	1267
1010	0.000000		0.003198	1268
1011	0.000000		0.003198	1269
1012	0.000000		0.003198	1270
1013	0.000000		0.003198	1272
1014	0.000000		0.003198	1273
1015	0.000000		0.003198	1274
1016	0.000000		0.003198	1275
1017	0.000000		0.003198	1276
1018	0.000000		0.003198	1278
1019	0.000000		0.003198	1279
1020	0.000000		0.003198	1280
1021	0.000000		0.003198	1281
1022	0.000000		0.003198	1283
1023	0.000000		0.003198	1284
1024	0.000000		0.003198	1285
1025	0.000000		0.003198	1287
1026	0.000000		0.003198	1288
1027	0.000000		0.003198	1289
1028	0.000000		0.003198	1290
1029	0.000000		0.003198	1292
1030	0.000000		0.003198	1293
1031	0.000000		0.003198	1294
1032	0.000000		0.003198	1296
1033	0.000000		0.003198	1297
1034	0.000000		0.003198	1298
1035	0.000000		0.003198	1300
1036	0.000000		0.003198	1301
1037	0.000000		0.003198	1302
1038	0.000000		0.003198	1304
1039	0.000000		0.003198	1305
1040	0.000000		0.003198	1307
1041	0.000000		0.003198	1308
1042	0.000000		0.003198	1309
1043	0.000000		0.003198	1310
1044	0.000000		0.003198	1312
1045	0.000000		0.003198	1313
1046	0.000000		0.003198	1314
1047	0.000000		0.003198	1316
1048	0.000000		0.003198	1317
1049	0.000000		0.003198	1318
1050	0.000000		0.003198	1320
1051	0.000000		0.003198	1321
1052	0.000000		0.003198	1323
1053	0.000000		0.003198	1324
1054	0.000000		0.003198	1326
1055	0.000000		0.003198	1327
1056	0.000000		0.003198	1329
1057	0.000000		0.003198	1330
1058	0.000000		0.003198	1331
1059	0.000000		0.003198	1333
1060	0.000000		0.003198	1334
1061	0.000000		0.003198	1336
1062	0.000000		0.003198	1337
1063	0.000000		0.003198	1338
1064	0.000000		0.003198	1340
1065	0.000000		0.003198	1341
1066	0.000000		0.003198	1342
1067	0.000000		0.003198	1344
1068	0.000000		0.003198	1345
1069	0.000000		0.003198	1346
1070	0.000000		0.003198	1348
1071	0.000000		0.003198	1350
1072	0.000000		0.003198	1351
1073	0.000000		0.003198	1352
1074	0.000000		0.003198	1354
1075	0.000000		0.003198	1355
1076	0.000000		0.003198	1357
1077	0.000000		0.003198	1359
1078	0.000000		0.003198	1360
1079	0.000000		0.003198	1362
1080	0.000000		0.003198	1364
1081	0.000000		0.003198	1365
1082	0.000000		0.003198	1367
1083	0.000000		0.003198	1368
1084	0.000000		0.003198	1369
1085	0.000000		0.003198	1371
1086	0.000000		0.003198	1373
1087	0.000000		0.003198	1374
1088	0.000000		0.003198	1375
1089	0.000000		0.003198	1377
1090	0.000000		0.003198	1378
1091	0.000000		0.003198	1380
1092	0.000000		0.003198	1381
1093	0.000000		0.003198	1383
1094	0.000000		0.003198	1384
1095	0.000000		0.003198	1386
1096	0.000000		0.003198	1387
1097	0.000000		0.003198	1389
1098	0.000000		0.003198	1390
1099	0.000000		0.003198	1392
1100	0.000000		0.003198	1394
1101	0.000000		0.003198	1395
1102	0.000000		0.003198	1396
1103	0.000000		0.003198	1398
1104	0.000000		0.003198	1399
1105	0.000000		0.003198	1400
1106	0.000000		0.003198	1402
1107	0.000000		0.003198	1403
1108	0.000000		0.003198	1405
1109	0.000000		0.003198	1406
1110	0.000000		0.003198	1408
1111	0.000000		0.003198	1409
1112	0.000000		0.003198	1411
1113	0.000000		0.003198	1413
1114	0.000000		0.003198	1414
1115	0.000000		0.003198	1416
1116	0.000000		0.003198	1417
1117	0.000000		0.003198	1419
1118	0.000000		0.003198	1420
1119	0.000000		0.003198	1422
1120	0.000000		0.003198	1423
1121	0.000000		0.003198	1425
1122	0.000000		0.003198	1426
1123	0.000000		0.003198	1428
1124	0.000000		0.003198	1429
1125	0.000000		0.003198	1431
1126	0.000000		0.003198	1432
1127	0.000000		0.003198	1434
1128	0.000000		0.003198	1435
1129	0.000000		0.003198	1436
1130	0.000000		0.003198	1438
1131	0.000000		0.003198	1439
1132	0.000000		0.003198	1441
1133	0.000000		0.003198	1442
1134	0.000000		0.003198	1444
1135	0.000000		0.003198	1446
1136	0.000000		0.003198	1447
1137	0.000000		0.003198	1449
1138	0.000000		0.003198	1451
1139	0.000000		0.003198	1452
1140	0.000000		0.003198	1453
1141	0.000000		0.003198	1455
1142	0.000000		0.003198	1456
1143	0.000000		0.003198	1458
1144	0.000000		0.003198	1459
1145	0.000000		0.003198	1460
1146	0.000000		0.003198	1461
1147	0.000000		0.003198	1463
1148	0.000000		0.003198	1464
1149	0.000000		0.003198	1466
1150	0.000000		0.003198	1468
1151	0.000000		0.003198	1469
1152	0.000000		0.003198	1471
1153	0.000000		0.003198	1473
1154	0.000000		0.003198	1474
1155	0.000000		0.003198	1476
1156	0.000000		0.003198	1477
1157	0.000000		0.003198	1479
1158	0.000000		0.003198	1480
1159	0.000000		0.003198	1482
1160	0.000000		0.003198	1484
1161	0.000000		0.003198	1485
1162	0.000000		0.003198	1487
1163	0.000000		0.003198	1488
1164	0.000000		0.003198	1489
1165	0.000000		0.003198	1491
1166	0.000000		0.003198	1492
1167	0.000000		0.003198	1494
1168	0.000000		0.003198	1495
1169	0.000000		0.003198	1496
1170	0.000000		0.003198	1497
1171	0.000000		0.003198	1499
1172	0.000000		0.003198	1500
1173	0.000000		0.003198	1501
1174	0.000000		0.003198	1503
1175	0.000000		0.003198	1504
1176	0.000000		0.003198	1506
1177	0.000000		0.003198	1507
1178	0.000000		0.003198	1509
1179	0.000000		0.003198	1510
1180	0.000000		0.003198	1511
1181	0.000000		0.003198	1513
1182	0.000000		0.003198	1515
1183	0.000000		0.003198	1516
1184	0.000000		0.003198	1518
1185	0.000000		0.003198	1520
1186	0.000000		0.003198	1521
1187	0.000000		0.003198	1523
1188	0.000000		0.003198	1525
1189	0.000000		0.003198	1526
1190	0.000000		0.003198	1527
1191	0.000000		0.003198	1529
1192	0.000000		0.003198	1530
1193	0.000000		0.003198	1532
1194	0.000000		0.003198	1534
1195	0.000000		0.003198	1536
1196	0.000000		0.003198	1538
1197	0.000000		0.003198	1539
1198	0.000000		0.003198	1541
1199	0.000000		0.003198	1543
1200	0.000000		0.003198	1545
1201	0.000000		0.003198	1546
1202	0.000000		0.003198	1548
1203	0.000000		0.003198	1549
1204	0.000000		0.003198	1550
1205	0.000000		0.003198	1552
1206	0.000000		0.003198	1554
1207	0.000000		0.003198	1556
1208	0.000000		0.003198	1558
1209	0.000000		0.003198	1560
1210	0.000000		0.003198	1561
1211	0.000000		0.003198	1563
1212	0.000000		0.003198	1565
1213	0.000000		0.003198	1566
1214	0.000000		0.003198	1568
1215	0.000000		0.003198	1570
1216	0.000000		0.003198	1572
1217	0.000000		0.003198	1574
1218	0.000000		0.003198	1576
1219	0.000000		0.003198	1578
1220	0.000000		0.003198	1579
1221	0.000000		0.003198	1581
1222	0.000000		0.003198	1583
1223	0.000000		0.003198	1585
1224	0.000000		0.003198	1587
1225	0.000000		0.003198	1588
1226	0.000000		0.003198	1590
1227	0.000000		0.003198	1592
1228	0.000000		0.003198	1594
1229	0.000000		0.003198	1595
1230	0.000000		0.003198	1598
1231	0.000000		0.003198	1599
1232	0.000000		0.003198	1601
1233	0.000000		0.003198	1602
1234	0.000000		0.003198	1604
1235	0.000000		0.003198	1606
1236	0.000000		0.003198	1607
1237	0.000000		0.003198	1609
1238	0.000000		0.003198	1611
1239	0.000000		0.003198	1612
1240	0.000000		0.003198	1614
1241	0.000000		0.003198	1615
1242	0.000000		0.003198	1617
1243	0.000000		0.003198	1618
1244	0.000000		0.003198	1619
1245	0.000000		0.003198	1621
1246	0.000000		0.003198	1622
1247	0.000000		0.003198	1624
1248	0.000000		0.003198	1625
1249	0.000000		0.003198	1626
1250	0.000000		0.003198	1628
1251	0.000000		0.003198	1630
1252	0.000000		0.003198	1631
1253	0.000000		0.003198	1633
1254	0.000000		0.003198	1634
1255	0.000000		0.003198	1635
1256	0.000000		0.003198	1637
1257	0.000000		0.003198	1638
1258	0.000000		0.003198	1639
1259	0.000000		0.003198	1641
1260	0.000000		0.003198	1642
1261	0.000000		0.003198	1643
1262	0.000000		0.003198	1645
1263	0.000000		0.003198	1646
1264	0.000000		0.003198	1648
1265	0.000000		0.003198	1650
1266	0.000000		0.003198	1651
1267	0.000000		0.003198	1653
1268	0.000000		0.003198	1655
1269	0.000000		0.003198	1657
1270	0.000000		0.003198	1659
1271	0.000000		0.003198	1660
1272	0.000000		0.003198	1662
1273	0.000000		0.003198	1663
1274	0.000000		0.003198	1665
1275	0.000000		0.003198	1666
1276	0.000000		0.003198	1668
1277	0.000000		0.003198	1669
1278	0.000000		0.003198	1670
1279	0.000000		0.003198	1672
1280	0.000000		0.003198	1673
1281	0.000000		0.003198	1675
1282	0.000000		0.003198	1676
1283	0.000000		0.003198	1678
1284	0.000000		0.003198	1679
1285	0.000000		0.003198	1681
1286	0.000000		0.003198	1682
1287	0.000000		0.003198	1683
1288	0.000000		0.003198	1685
1289	0.000000		0.003198	1686
1290	0.000000		0.003198	1688
1291	0.000000		0.003198	1690
1292	0.000000		0.003198	1691
1293	0.000000		0.003198	1692
1294	0.000000		0.003198	1694
1295	0.000000		0.003198	1695
1296	0.000000		0.003198	1697
1297	0.000000		0.003198	1698
1298	0.000000		0.003198	1699
1299	0.000000		0.003198	1701
1300	0.000000		0.003198	1703
1301	0.000000		0.003198	1704
1302	0.000000		0.003198	1705
1303	0.000000		0.003198	1707
1304	0.000000		0.003198	1709
1305	0.000000		0.003198	1711
1306	0.000000		0.003198	1712
1307	0.000000		0.003198	1714
1308	0.000000		0.003198	1716
1309	0.000000		0.003198	1718
1310	0.000000		0.003198	1719
1311	0.000000		0.003198	1721
1312	0.000000		0.003198	1722
1313	0.000000		0.003198	1724
1314	0.000000		0.003198	1726
1315	0.000000		0.003198	1727
1316	0.000000		0.003198	1729
1317	0.000000		0.003198	1730
1318	0.000000		0.003198	1732
1319	0.000000		0.003198	1733
1320	0.000000		0.003198	1735
1321	0.000000		0.003198	1736
1322	0.000000		0.003198	1737
1323	0.000000		0.003198	1739
1324	0.000000		0.003198	1740
1325	0.000000		0.003198	1742
1326	0.000000		0.003198	1743
1327	0.000000		0.003198	1745
1328	0.000000		0.003198	1746
1329	0.000000		0.003198	1748
1330	0.000000		0.003198	1749
1331	0.000000		0.003198	1750
1332	0.000000		0.003198	1752
1333	0.000000		0.003198	1753
1334	0.000000		0.003198	1755
1335	0.000000		0.003198	1756
1336	0.000000		0.003198	1758
1337	0.000000		0.003198	1759
1338	0.000000		0.003198	1761
1339	0.000000		0.003198	1762
1340	0.000000		0.003198	1764
1341	0.000000		0.003198	1765
1342	0.000000		0.003198	1767
1343	0.000000		0.003198	1769
1344	0.000000		0.003198	1770
1345	0.000000		0.003198	1772
1346	0.000000		0.003198	1774
1347	0.000000		0.003198	1775
1348	0.000000		0.003198	1777
1349	0.000000		0.003198	1779
1350	0.000000		0.003198	1781
1351	0.000000		0.003198	1783
1352	0.000000		0.003198	1784
1353	0.000000		0.003198	1786
1354	0.000000		0.003198	1787
1355	0.000000		0.003198	1789
1356	0.000000		0.003198	1790
1357	0.000000		0.003198	1792
1358	0.000000		0.003198	1793
1359	0.000000		0.003198	1795
1360	0.000000		0.003198	1797
1361	0.000000		0.003198	1798
1362	0.000000		0.003198	1799
1363	0.000000		0.003198	1801
